position: 
  x: 0.0613685511675
  y: 0.00172123089848
  z: -0.0937376560948
orientation: 
  x: 0.454316432973
  y: 0.105399191172
  z: 0.882919146794
  w: -0.0542343936537
这个是手的坐标,不是手掌的
